Time	Temperature[C]	Voltage[V]
---------------------------------
18:51	6.90	6.90	6.90
18:54	6.90	6.90	6.90
18:54	6.90	6.90	6.90
18:54	6.90	6.90	6.90
18:55	6.90	6.90	6.90
18:55	6.90	6.90	6.90
18:55	6.90	6.90	6.90
18:56	6.90	6.90	6.90
18:56	6.90	6.90	6.90
18:57	6.90	6.90	6.90
18:57	6.90	6.90	6.90
18:57	6.90	6.90	6.90
18:58	6.90	6.90	6.90
18:58	6.90	6.90	6.90
18:58	6.90	6.90	6.90
18:59	6.90	6.90	6.90
18:59	6.90	6.90	6.90
18:59	6.90	6.90	6.90
19:00	6.90	6.90	6.90
19:00	6.90	6.90	6.90
19:01	6.90	6.90	6.90
19:01	6.90	6.90	6.90
19:01	6.90	6.90	6.90
19:02	6.90	6.90	6.90
19:02	6.90	6.90	6.90
19:02	6.90	6.90	6.90
19:03	6.90	6.90	6.90
19:03	6.90	6.90	6.90
19:04	6.90	6.90	6.90
19:04	6.90	6.90	6.90
19:04	6.90	6.90	6.90
19:05	6.90	6.90	6.90
19:05	6.90	6.90	6.90
19:05	6.90	6.90	6.90
19:06	6.90	6.90	6.90
19:06	6.90	6.90	6.90
19:06	6.90	6.90	6.90
19:07	6.90	6.90	6.90
19:07	6.90	6.90	6.90
19:08	6.90	6.90	6.90
19:08	6.90	6.90	6.90
19:08	6.90	6.90	6.90
19:09	6.90	6.90	6.90
19:09	6.90	6.90	6.90
19:09	6.90	6.90	6.90
19:10	6.90	6.90	6.90
19:10	6.90	6.90	6.90
19:10	6.90	6.90	6.90
19:11	6.90	6.90	6.90
19:11	6.90	6.90	6.90
19:12	6.90	6.90	6.90
19:12	6.90	6.90	6.90
19:12	6.90	6.90	6.90
19:13	6.90	6.90	6.90
19:13	6.90	6.90	6.90
19:13	6.90	6.90	6.90
19:14	6.90	6.90	6.90
19:14	6.90	6.90	6.90
19:15	6.90	6.90	6.90
19:15	6.90	6.90	6.90
19:15	6.90	6.90	6.90
19:16	6.90	6.90	6.90
19:16	6.90	6.90	6.90
19:16	6.90	6.90	6.90
19:17	6.90	6.90	6.90
19:17	6.90	6.90	6.90
19:17	6.90	6.90	6.90
19:18	6.90	6.90	6.90
19:18	6.90	6.90	6.90
19:19	6.90	6.90	6.90
19:19	6.90	6.90	6.90
19:19	6.90	6.90	6.90
19:20	6.90	6.90	6.90
19:20	6.90	6.90	6.90
19:20	6.90	6.90	6.90
19:21	6.90	6.90	6.90
19:21	6.90	6.90	6.90
19:21	6.90	6.90	6.90
19:22	6.90	6.90	6.90
19:22	6.90	6.90	6.90
19:23	6.90	6.90	6.90
19:23	6.90	6.90	6.90
19:23	6.90	6.90	6.90
19:24	6.90	6.90	6.90
19:24	6.90	6.90	6.90
19:24	6.90	6.90	6.90
19:25	6.90	6.90	6.90
19:25	6.90	6.90	6.90
19:26	6.90	6.90	6.90
19:26	6.90	6.90	6.90
19:26	6.90	6.90	6.90
19:27	6.90	6.90	6.90
19:27	6.90	6.90	6.90
19:27	6.90	6.90	6.90
19:28	6.90	6.90	6.90
19:28	6.90	6.90	6.90
19:28	6.90	6.90	6.90
19:29	6.90	6.90	6.90
19:29	6.90	6.90	6.90
19:30	6.90	6.90	6.90
19:30	6.90	6.90	6.90
19:30	6.90	6.90	6.90
19:31	6.90	6.90	6.90
19:31	6.90	6.90	6.90
19:31	6.90	6.90	6.90
19:32	6.90	6.90	6.90
19:32	6.90	6.90	6.90
19:32	6.90	6.90	6.90
19:33	6.90	6.90	6.90
19:33	6.90	6.90	6.90
19:34	6.90	6.90	6.90
19:34	6.90	6.90	6.90
19:34	6.90	6.90	6.90
19:35	6.90	6.90	6.90
19:35	6.90	6.90	6.90
19:35	6.90	6.90	6.90
19:36	6.90	6.90	6.90
19:36	6.90	6.90	6.90
19:37	6.90	6.90	6.90
19:37	6.90	6.90	6.90
19:37	6.90	6.90	6.90
19:38	6.90	6.90	6.90
19:38	6.90	6.90	6.90
19:38	6.90	6.90	6.90
19:39	6.90	6.90	6.90
19:39	6.90	6.90	6.90
19:39	6.90	6.90	6.90
19:40	6.90	6.90	6.90
19:40	6.90	6.90	6.90
19:41	6.90	6.90	6.90
19:41	6.90	6.90	6.90
19:41	6.90	6.90	6.90
19:42	6.90	6.90	6.90
19:42	6.90	6.90	6.90
21:54	6.90	6.90	6.90
21:54	6.90	6.90	6.90
21:55	6.90	6.90	6.90
21:55	6.90	6.90	6.90
21:56	6.90	6.90	6.90
21:56	6.90	6.90	6.90
21:56	6.90	6.90	6.90
21:57	6.90	6.90	6.90
21:57	6.90	6.90	6.90
21:57	6.90	6.90	6.90
21:58	6.90	6.90	6.90
21:58	6.90	6.90	6.90
21:59	6.90	6.90	6.90
21:59	6.90	6.90	6.90
21:59	6.90	6.90	6.90
22:00	6.90	6.90	6.90
22:00	6.90	6.90	6.90
22:00	6.90	6.90	6.90
22:01	6.90	6.90	6.90
22:01	6.90	6.90	6.90
22:01	6.90	6.90	6.90
22:02	6.90	6.90	6.90
22:02	6.90	6.90	6.90
22:03	6.90	6.90	6.90
22:03	6.90	6.90	6.90
22:04	6.90	6.90	6.90
22:04	6.90	6.90	6.90
23:53	6.90	6.90	14.2
23:53	6.90	6.90	14.2
23:54	6.90	6.90	14.2
23:54	6.90	6.90	14.2
23:54	6.90	6.90	14.2
23:55	6.90	6.90	14.2
23:55	6.90	6.90	14.2
23:55	6.90	6.90	14.2
23:56	6.90	6.90	14.2
23:56	6.90	6.90	14.2
23:57	6.90	6.90	14.2
23:57	6.90	6.90	14.2
23:57	6.90	6.90	14.2
23:58	6.90	6.90	14.2
23:58	6.90	6.90	14.2
23:58	6.90	6.90	14.2
23:59	6.90	6.90	14.2
23:59	6.90	6.90	14.2
00:00	6.90	6.90	14.2
00:00	6.90	6.90	14.2
00:00	6.90	6.90	14.2
00:01	6.90	6.90	14.2
00:01	6.90	6.90	14.2
00:01	6.90	6.90	14.2
00:02	6.90	6.90	14.2
00:02	6.90	6.90	14.2
00:02	6.90	6.90	14.2
00:03	6.90	6.90	14.2
00:03	6.90	6.90	14.2
00:04	6.90	6.90	14.2
00:04	6.90	6.90	14.2
00:04	6.90	6.90	14.2
00:05	6.90	6.90	14.2
00:05	6.90	6.90	14.2
00:05	6.90	6.90	14.2
00:06	6.90	6.90	14.2
00:06	6.90	6.90	14.2
00:06	6.90	6.90	14.2
00:07	6.90	6.90	14.2
00:07	6.90	6.90	14.2
